[app/ui]
version = 9.0.0
modtime = 1659631115.872095000

[app/launcher]
version = 9.0.0
modtime = 1659631115.934755000

[savedsearches/ACS%20Alert%201]
version = 9.0.0
modtime = 1659632355.799234000
